4294967279,40
4294967279,39
4294967279,38
4294967279,34
4294967279,33
4294967279,32
4294967279,31
4294967279,27
4294967279,26
4294967279,25
4294967279,24
4294967279,21
4294967279,19
4294967279,18
4294967279,16
4294967279,13
4294967279,12
4294967279,11
4294967279,10
4294967294,422
4294967294,401
4294967294,388
4294967294,161
4294967294,387
4294967278,182
4294967278,181
4294967278,327
4294967279,182
4294967278,180
4294967278,326
4294967279,181
4294967294,42
4294967294,97
4294967294,1156
4294967294,1154
4294967294,1153
4294967294,1082
4294967294,1081
4294967294,1080
4294967294,1078
4294967294,1077
4294967294,1075
4294967294,1073
4294967294,1072
4294967294,1071
4294967294,1069
4294967294,1066
4294967294,1065
4294967294,185
4294967294,176
4294967294,81
4294967294,170
4294967294,1159
4294967294,163
4294967294,162
4294967294,156
0,5
4294967294,470
4294967294,1067
4294967294,29
4294967294,154
4294967294,128
4294967294,186
4294967294,0
4294967294,426
4294967294,1070
4294967294,43
4294967294,44
4294967294,99
4294967294,76
4294967294,51
4294967278,325
4294967294,5
4294967294,107
4294967294,46
4294967294,115
4294967294,114
4294967294,2
4294967294,52
4294967294,1083
4294967294,82
4294967294,92
4294967294,91
4294967294,90
4294967294,88
4294967294,87
4294967294,86
4294967294,85
4294967294,84
4294967294,158
4294967294,187
4294967294,129
4294967294,28
4294967294,27
4294967294,53
4294967294,45
4294967294,430
4294967279,330
4294967278,335
4294967294,7
4294967278,300
4294967294,6
4294967279,176
4294967278,173
4294967279,175
4294967278,172
4294967294,22
4294967278,170
4294967294,96
4294967294,94
4294967279,173
22,4
4294967278,171
22,3
22,2
22,1
4294967294,9
4294967294,8
0,7
4294967294,93
4294967294,95
4294967294,471
4294967294,1163
4294967294,11
4294967278,132
4294967278,131
4294967278,130
4294967278,129
4294967278,128
4294967278,127
4294967278,126
4294967278,125
4294967278,124
4294967278,123
4294967278,122
4294967278,121
4294967278,120
4294967278,119
4294967278,118
4294967278,117
4294967278,116
4294967278,115
4294967278,114
4294967278,113
4294967278,112
4294967278,111
4294967278,110
4294967278,109
4294967278,108
4294967278,107
4294967278,106
4294967278,105
4294967278,104
4294967278,103
4294967278,102
4294967278,101
4294967278,100
4294967278,99
4294967278,98
4294967278,97
4294967278,96
4294967278,95
4294967278,94
4294967278,93
4294967278,92
4294967278,91
4294967278,90
4294967278,89
4294967278,87
4294967278,86
4294967278,85
4294967278,84
4294967278,83
4294967278,82
4294967278,81
4294967278,80
4294967278,79
4294967278,78
4294967278,77
4294967278,76
4294967278,75
4294967278,74
4294967278,73
4294967278,72
4294967278,71
4294967278,70
4294967278,69
4294967278,68
4294967278,67
4294967278,66
4294967278,65
4294967278,64
4294967278,63
4294967278,62
4294967278,61
4294967278,60
4294967278,59
4294967278,58
4294967278,57
4294967279,73
4294967279,71
4294967279,70
4294967279,65
4294967279,64
4294967279,63
4294967279,58
4294967279,57
4294967279,302
4294967279,56
4294967279,51
4294967279,50
4294967279,48
4294967279,45
4294967279,43
4294967279,42
4294967279,37
4294967279,36
4294967279,35
4294967279,30
4294967279,29
4294967279,28
4294967279,23
4294967279,22
4294967279,20
4294967279,17
4294967279,15
4294967279,14
4294967279,9
4294967279,8
4294967279,7
4294967279,6
4294967279,5
4294967279,4
4294967294,80
4294967294,17
4294967294,41
4294967294,417
4294967294,12
4294967294,25
4294967294,26
4294967294,1158
4294967294,1157
4294967294,1155
4294967294,1152
4294967294,1079
4294967294,1074
4294967294,1068
4294967294,438
4294967294,67
4294967294,182
4294967294,173
4294967294,190
4294967294,1160
4294967294,83
4294967294,68
21,4
21,3
21,2
21,1
20,4
20,3
20,2
20,1
19,4
19,3
19,2
19,1
18,4
18,2
18,1
4294967294,1166
17,4
17,3
17,2
17,1
4294967294,157
4294967294,130
4294967294,472
4294967294,155
4294967278,368
4294967293,131
4294967293,130
4294967293,129
4294967293,128
4294967293,127
4294967293,126
4294967293,125
4294967293,124
4294967293,123
4294967293,122
4294967293,121
4294967293,120
4294967293,119
4294967293,118
4294967293,117
4294967293,116
4294967293,115
4294967293,114
4294967293,113
4294967293,112
4294967293,111
4294967293,110
4294967293,109
4294967293,108
4294967293,107
